9.209
9.171
9.012
8.939
8.897
8.892
8.892
8.886
8.872
8.809
8.779
8.746
8.729
8.726
8.7
8.697
8.683
8.68
8.675
8.664
8.645
8.624
8.606
8.604
8.595
8.592
8.575
8.574
8.573
8.543
8.537
8.535
8.533
8.533
8.532
8.529
8.522
8.509
8.507
8.506
8.49
8.49
8.485
8.485
8.477
8.473
8.472
8.47
8.468
8.465
8.454
8.453
8.44
8.437
8.436
8.427
8.423
8.423
8.42
8.417
8.404
8.402
8.384
8.384
8.382
8.381
8.376
8.37
8.37
8.369
8.368
8.368
8.361
8.358
8.353
8.347
8.345
8.345
8.343
8.343
8.341
8.341
8.337
8.331
8.324
8.313
8.306
8.306
8.305
8.303
8.294
8.291
8.286
8.282
8.282
8.281
8.281
8.281
8.279
8.274
8.273
8.272
8.269
8.269
8.267
8.266
8.265
8.265
8.263
8.258
8.257
8.249
8.245
8.244
8.242
8.239
8.238
8.234
8.231
8.229
8.223
8.22
8.219
8.219
8.218
8.208
8.199
8.198
8.196
8.195
8.193
8.188
8.187
8.185
8.182
8.18
8.179
8.173
8.168
8.164
8.163
8.161
8.16
8.158
8.158
8.153
8.152
8.149
8.149
8.148
8.147
8.144
8.142
8.141
8.141
8.14
8.137
8.13
8.13
8.13
8.125
8.12
8.119
8.119
8.119
8.118
8.117
8.114
8.113
8.112
8.112
8.111
8.11
8.101
8.097
8.097
8.095
8.094
8.092
8.089
8.089
8.088
8.087
8.084
8.082
8.082
8.081
8.08
8.079
8.078
8.077
8.075
8.071
8.067
8.066
8.066
8.059
8.058
8.058
8.057
8.057
8.056
8.055
8.054
8.054
8.047
8.046
8.044
8.043
8.041
8.041
8.04
8.039
8.037
8.037
8.037
8.034
8.033
8.032
8.032
8.032
8.031
8.031
8.03
8.029
8.027
8.025
8.023
8.022
8.021
8.021
8.02
8.019
8.019
8.019
8.017
8.017
8.014
8.014
8.014
8.01
8.008
8.008
8.007
8.007
8.005
8.005
8.005
8.005
8.005
